25
20
1;100;100;1
2;150;150;1
3;230;200;2
4;100;250;2
5;366;84;1
6;565;74;1
7;840;118;1
8;1018;313;3
9;971;502;3
10;491;561;2
11;844;399;2
12;651;305;2
13;387;319;2
14;174;424;2
15;172;561;1
16;422;623;1
17;722;693;1
18;1118;313;3
19;1139;258;3
20;1146;179;2
21;1117;102;2
22;1045;36;3
23;976;195;3
24;928;93;1
25;639;452;1
//-------------------
1;2;45
3;4;50
3;5;50
12;13;60
13;10;60
14;10;60
10;16;60
16;15;51
7;6;32
6;5;23
5;13;8
12;11;6
11;8;5
11;9;10
12;7;60
7;11;34
9;16;60
14;4;9
13;6;42
16;17;9
17;9;42
8;18;42